49
49
49
49
49
49
49
49
49
49
49
49
49
49
49
49
49
49
49
49
49
49
49
49
49
49
49
49
49
49
49
49
49
49
49
49
49
51
53
54
53
52
53
54
54
54
55
56
56
56
58
58
58
59
60
60
62
63
72
75
80
83
86
86
83
83
84
84
84
85
85
87
87
87
88
88
89
89
90
90
91
91
96
99
107
110
113
116
118
115
109
104
102
102
101
100
100
99
100
109
111
111
112
116
113
112
112
113
111
112
111
111
108
109
109
105
106
106
104
104
104
104
102
101
106
109
111
114
114
117
115
118
118
118
121
121
117
113
112
108
105
103
99
95
98
98
99
99
100
101
99
99
98
97
91
85
78
73
62
56
49
48
42
49
47
50
51
52
64
72
88
103
119
128
130
129
129
125
122
121
130
129
133
123
113
108
101
100
101
108
114
123
116
111
96
78
68
57
50
44
49
57
71
96
102
107
111
110
112
121
126
130
129
126
119
114
119
126
139
144
147
146
142
128
122
98
79
67
65
67
73
80
86
91
93
87
84
85
86
84
81
81
82
88
95
93
88
82
81
83
92
99
112
113
108
104
101
101
103
108
107
96
88
83
83
90
100
112
122
131
138
139
137
132
124
110
88
86
86
87
91
96
99
100
97
87
89
94
99
103
105
103
96
101
108
115
112
107
96
88
81
65
53
43
35
34
39
45
64
81
100
107
107
104
101
97
94
93
97
100
104
105
100
93
86
82
78
81
85
92
84
76
65
50
29
21
17
26
38
53
73
88
95
103
109
114
119
121
115
108
101
99
99
99
99
99
99
99
99
104
108
111
113
116
116
118
123
123
127
119
109
100
92
88
82
76
69
69
75
87
103
110
117
128
131
128
116
111
107
104
100
96
98
98
97
97
96
95
100
103
105
108
113
115
118
122
117
115
113
110
107
103
101
96
94
91
92
93
94
95
95
96
100
106
112
118
124
130
127
118
97
87
74
60
47
32
23
12
1
2
1
11
19
21
23
26
26
30
32
33
35
37
41
40
44
45
48
50
51
53
55
62
69
73
77
83
87
91
94
93
89
88
89
93
99
108
115
108
103
93
86
79
76
73
72
73
82
95
109
116
114
106
98
97
96
103
111
124
137
141
141
148
147
142
128
121
116
112
110
104
101
97
101
99
98
95
94
93
90
88
87
85
87
94
96
98
100
103
104
107
110
111
107
101
94
91
86
83
85
90
93
94
97
100
103
106
109
114
116
120
122
120
113
101
93
83
76
73
78
82
83
82
81
80
79
80
83
81
76
68
63
57
53
55
58
66
76
98
117
123
122
120
119
115
113
110
105
104
98
97
97
98
105
101
97
92
87
87
90
99
109
110
114
117
118
119
121
117
108
98
95
89
85
83
86
87
88
88
87
85
84
83
81
79
79
77
76
75
74
73
77
78
80
82
83
85
85
89
91
93
94
93
87
83
80
77
74
77
84
86
89
91
93
96
100
100
103
103
96
95
94
93
91
89
88
86
84
83
81
79
77
75
75
76
76
75
74
73
73
73
77
79
81
82
85
86
87
88
92
93
93
85
82
79
78
76
73
72
69
68
66
67
72
79
86
89
91
93
97
99
93
83
80
77
74
71
68
66
60
58
54
54
56
63
63
64
65
64
67
70
75
82
92
100
101
100
94
91
86
81
77
73
68
59
52
39
31
26
29
34
44
62
72
71
67
64
63
62
64
70
73
72
64
57
51
49
52
57
64
80
94
114
121
123
123
114
105
100
96
96
99
105
110
114
112
107
100
103
106
107
104
99
92
78
78
82
85
89
87
83
74
70
75
85
86
87
86
74
66
66
65
65
62
55
50
47
44
38
22
12
3
1
3
10
20
42
62
71
74
74
70
65
61
59
59
61
66
63
60
55
53
54
61
70
76
78
80
86
94
99
103
104
98
91
92
98
103
112
124
140
157
159
159
159
151
141
125
97
89
88
89
91
94
95
96
97
97
96
95
93
92
89
90
93
96
104
107
101
93
85
73
62
57
57
62
70
83
91
85
77
66
52
43
41
41
48
43
32
14
0
0
0
1
8
22
36
47
51
60
65
71
76
81
82
80
74
75
76
77
79
81
82
83
86
88
82
81
80
79
79
78
78
78
77
77
76
76
76
77
78
79
79
79
81
81
81
83
86
87
89
90
86
86
84
83
82
81
80
79
78
75
74
73
72
70
69
68
69
70
70
69
70
70
71
71
71
71
71
72
72
73
73
73
73
73
74
74
74
74
74
74
75
75
75
75
75
76
76
76
77
76
76
76
76
76
77
77
76
76
76
77
77
77
77
77
77
77
77
77
77
77
77
77
77
77
78
78
78
77
77
77
77
77
77
77
77
77
77
77
77
77
77
77
77
77
77
77
77
77
77
77
77
77
77
77
77
78
78
78
77
77
77
77
77
77
77
77
77
77
77
77
77
77
77
77
77
77
78
77
77
77
77
78
78
78
78
78
78
78
78
78
78
78
79
79
79
79
79
80
80
80
79
80
80
81
80
80
80
78
77
76
75
74
74
74
75
83
87
90
94
96
96
91
88
85
82
82
73
65
60
56
56
60
68
80
102
102
99
96
90
82
77
76
78
80
75
63
51
37
36
38
43
62
74
79
81
85
86
88
90
92
96
91
86
84
83
83
82
80
78
79
76
75
75
76
77
77
75
75
75
76
78
80
81
82
83
85
86
87
89
86
86
86
85
86
85
84
81
79
76
75
72
70
69
73
75
76
77
78
79
82
85
90
90
96
96
96
99
101
102
104
107
106
102
93
91
83
82
81
74
71
65
60
60
63
70
85
89
89
91
91
93
94
94
95
97
98
96
90
89
87
85
84
83
79
73
64
59
56
51
43
40
41
53
61
65
71
75
76
72
64
61
59
55
51
48
45
41
43
44
43
41
42
39
40
39
39
41
39
41
39
40
38
41
40
39
40
39
39
39
39
39
38
39
39
39
39
39
39
38
39
38
38
37
36
37
36
44
48
54
59
63
63
58
57
54
54
51
46
44
42
41
41
50
53
57
58
59
58
52
54
52
53
52
52
50
52
52
51
51
51
50
51
50
49
49
49
48
49
48
48
48
47
46
46
47
47
45
44
45
45
44
44
46
44
43
40
45
41
45
48
45
41
40
37
44
55
62
59
59
52
49
42
36
38
42
48
48
41
37
36
38
44
50
52
45
43
34
27
22
17
18
20
31
39
38
33
22
8
0
0
0
0
4
17
31
43
44
43
39
35
34
34
33
35
39
44
47
50
50
57
65
73
80
83
86
83
74
62
58
61
65
76
81
88
97
98
98
95
88
80
84
88
95
104
114
118
116
112
98
86
67
34
20
17
17
20
25
33
35
28
22
20
19
20
27
24
18
15
17
18
21
14
6
0
0
0
0
0
11
31
47
53
52
52
50
48
43
44
48
53
50
47
42
35
33
31
35
42
43
44
45
49
55
62
65
67
66
60
48
34
6
0
0
0
0
0
0
0
0
0
0
0
0
0
0
0
0
0
0
0
0
0
0
0
0
0
0
0
0
0
0
0
0
0
0
0
0
1
1
1
0
0
0
0
0
0
1
6
8
13
21
32
36
35
35
34
36
40
49
48
49
49
49
49
49
49
50
49
49
50
49
49
49
49
49
49
49
49
49
49
49
49
49
49
49
49
49
49
49
49
49
49
49
49
49
49
49
49
50
51
51
52
51
52
52
53
55
55
56
57
57
58
59
58
58
58
57
53
50
50
48
47
46
50
51
55
55
59
58
61
61
61
62
63
65
63
64
65
66
67
68
64
58
54
50
45
41
36
31
32
34
34
36
37
36
38
38
37
39
39
41
42
42
43
44
44
44
46
48
48
48
49
49
49
50
52
54
54
52
48
47
47
44
42
43
41
42
43
42
45
49
50
50
51
52
54
53
53
53
53
53
51
52
52
50
48
48
45
42
41
41
41
40
37
37
39
38
39
37
38
38
37
36
38
39
36
38
35
34
41
40
41
41
44
42
53
47
48
42
34
27
22
22
26
35
43
56
71
70
69
66
61
61
51
44
41
41
44
37
30
22
17
17
19
24
31
40
43
38
29
25
18
15
12
15
19
24
18
18
11
5
0
0
0
0
0
6
19
22
24
22
23
24
30
34
39
46
49
49
48
54
60
67
69
70
68
65
65
69
76
78
79
77
74
67
74
86
91
96
98
99
94
82
77
82
87
96
103
109
113
114
110
105
97
85
72
64
64
63
61
60
58
53
54
50
48
46
47
46
44
35
31
28
23
26
32
34
28
21
18
19
22
33
42
55
64
61
58
52
47
44
43
45
50
48
42
34
30
31
37
46
52
49
48
46
45
45
45
47
53
53
54
60
67
67
66
65
56
51
50
55
60
60
64
67
66
70
80
82
87
86
82
75
74
80
81
84
94
101
105
105
105
101
96
85
69
58
57
53
54
54
53
54
51
50
48
46
44
40
35
32
26
18
12
8
8
13
20
27
24
19
13
14
17
29
41
53
56
53
50
45
41
36
36
36
28
23
21
22
25
34
30
22
16
15
19
26
37
50
59
58
53
51
45
37
30
32
34
46
56
62
61
62
61
60
60
59
59
58
57
57
57
56
54
52
53
52
51
50
50
49
49
45
45
45
42
42
42
40
44
45
47
47
49
52
53
57
60
64
67
65
64
63
63
60
58
58
54
55
52
50
47
46
44
42
40
41
49
53
56
61
63
66
70
67
61
53
50
49
48
44
43
42
41
39
37
36
34
35
38
39
40
39
39
37
37
39
38
38
39
37
39
39
42
44
42
44
43
45
50
54
57
62
63
63
58
58
57
58
57
56
56
52
52
50
51
48
49
47
48
46
46
44
44
44
41
43
41
39
40
39
39
38
43
44
46
46
50
48
51
50
52
51
52
52
52
54
53
54
55
51
46
41
38
36
34
35
40
54
59
60
59
57
55
50
43
42
41
44
48
44
40
34
32
34
36
44
46
41
29
21
11
2
0
0
0
0
0
7
20
41
44
41
37
33
31
29
31
36
39
37
36
35
32
36
39
45
49
50
50
52
53
54
53
54
53
56
56
58
57
59
60
60
61
62
64
65
66
68
68
69
71
65
62
60
56
54
53
51
46
45
44
47
48
48
47
48
49
54
58
63
66
68
72
70
62
54
48
39
33
28
29
28
26
22
20
17
22
29
34
36
39
43
42
46
47
50
52
46
46
46
47
48
46
49
49
53
57
65
75
71
64
58
44
32
18
4
0
0
0
0
6
15
29
30
26
20
17
16
17
20
25
25
22
17
11
6
5
7
11
15
9
5
1
1
3
14
22
44
52
70
75
81
86
90
94
99
103
107
113
114
116
120
124
123
120
112
104
103
102
103
102
97
87
83
79
77
74
73
68
66
63
58
59
63
71
74
75
77
84
90
93
99
101
100
94
93
93
86
77
71
66
61
52
46
43
43
41
40
37
41
51
63
74
81
86
91
96
98
104
108
111
115
118
117
110
109
111
112
113
113
112
103
101
100
98
94
86
82
78
73
68
64
57
57
59
59
58
55
53
51
49
49
47
45
46
53
58
61
63
70
75
77
83
90
96
100
105
110
112
118
116
113
104
90
77
72
66
60
55
50
43
39
35
35
34
34
31
36
44
51
55
58
60
62
65
67
73
83
86
90
94
100
103
102
100
99
101
102
95
85
71
46
37
34
29
30
27
35
31
29
21
16
18
11
15
20
28
42
44
44
46
47
54
61
75
85
91
94
93
90
81
72
49
28
29
19
15
15
18
23
29
37
47
65
78
92
99
98
96
95
92
91
87
82
72
65
52
42
32
21
6
0
0
0
3
11
20
38
44
66
76
75
74
72
69
70
72
78
79
76
73
73
76
82
89
101
100
98
93
90
85
79
72
69
64
60
57
56
56
61
66
72
85
98
103
106
108
110
110
107
104
100
91
93
98
99
99
96
89
80
69
67
68
75
79
86
100
109
116
126
130
130
127
122
116
103
93
81
69
59
60
62
63
65
68
68
70
73
72
69
65
61
64
67
70
75
72
71
63
48
43
43
41
37
35
35
38
43
47
55
63
76
88
94
95
96
96
95
97
100
100
102
100
99
96
89
81
72
65
53
45
34
27
19
19
20
26
34
42
53
70
70
69
68
68
72
75
86
90
87
83
77
70
67
68
72
79
95
110
125
138
143
144
147
152
157
158
158
158
159
159
159
159
156
149
132
127
129
138
141
148
150
152
146
137
126
111
95
65
42
29
23
22
25
28
43
53
65
80
87
94
99
110
115
119
121
120
117
112
102
87
69
50
35
32
29
23
22
24
28
38
54
70
89
122
132
134
134
129
120
109
95
73
63
57
49
42
37
35
28
16
7
0
0
0
0
0
0
0
0
11
17
33
46
69
86
105
126
138
140
142
141
139
127
117
104
87
84
76
70
58
50
42
26
15
6
0
0
0
0
9
17
29
52
69
74
74
75
78
87
96
109
112
115
120
122
121
113
104
98
94
95
93
89
76
62
48
33
27
21
13
8
0
1
3
8
20
19
21
24
31
43
54
61
62
66
68
72
74
81
91
96
100
107
112
117
120
122
115
111
110
113
113
114
109
98
90
89
75
70
63
58
52
44
43
41
35
33
29
32
36
46
51
51
56
60
76
89
99
104
112
118
124
130
128
123
115
98
92
91
86
83
74
57
48
41
30
24
17
16
16
25
35
49
59
62
64
66
72
78
86
89
93
96
102
105
110
115
119
120
116
107
102
103
103
103
103
97
88
83
78
74
67
58
53
47
41
37
33
34
39
38
39
39
35
38
42
50
62
72
76
79
81
87
93
98
103
106
112
115
122
119
113
97
94
89
86
84
81
77
68
63
59
57
50
47
44
39
38
34
30
32
35
40
49
55
55
57
60
66
75
93
104
111
120
126
134
135
135
126
129
127
126
122
124
122
115
110
107
108
102
97
82
73
68
62
58
54
48
44
41
39
38
36
32
29
25
20
23
26
34
46
67
86
109
134
142
146
149
144
139
132
119
115
114
114
109
99
94
87
84
78
72
61
52
44
39
40
40
46
58
68
81
98
113
108
104
101
95
88
78
70
55
40
31
25
26
30
42
56
69
73
72
72
72
72
65
63
63
61
60
56
51
45
44
43
39
42
47
57
60
63
65
72
83
87
93
101
106
110
115
117
112
102
91
82
78
73
68
63
60
54
51
48
43
39
41
43
42
42
39
36
39
42
52
67
90
99
108
120
126
128
124
117
108
105
106
107
108
103
91
79
70
66
61
56
49
45
39
33
31
30
26
24
17
15
18
24
36
53
70
84
96
104
109
116
122
128
129
127
122
109
100
98
98
98
96
90
79
63
56
49
43
38
34
20
11
3
0
0
1
9
23
36
52
70
67
69
69
66
65
68
70
80
89
99
107
106
103
89
75
58
43
24
12
0
0
0
0
0
12
25
43
59
69
73
74
76
81
84
93
97
99
101
106
109
113
117
115
112
112
114
119
121
123
123
120
113
112
112
112
98
86
74
61
56
55
41
36
31
27
28
31
30
28
32
41
54
71
78
82
90
95
101
105
111
119
118
115
107
101
101
99
96
88
76
58
33
23
12
2
1
2
8
25
31
36
33
35
37
40
46
68
75
81
87
91
97
99
107
112
119
119
115
109
107
108
110
111
113
108
101
84
77
72
68
60
54
49
43
37
33
31
32
38
49
54
56
59
67
77
90
112
121
127
131
133
133
130
136
137
137
130
125
116
109
108
107
107
106
103
88
75
69
63
56
50
45
39
33
27
23
21
21
27
36
38
40
39
42
51
62
75
87
96
102
111
117
123
130
131
132
125
123
124
124
121
116
113
110
99
89
76
53
46
40
36
31
23
18
13
7
3
8
15
24
28
24
22
21
20
23
34
46
65
82
104
125
136
143
149
148
143
132
122
117
116
119
120
122
123
124
126
126
124
119
113
98
85
79
75
69
65
61
55
50
46
44
41
41
41
39
44
49
46
35
36
30
34
39
48
57
66
62
61
66
71
79
88
100
109
116
113
104
95
80
44
20
2
0
0
0
0
0
0
0
0
0
16
29
47
67
70
68
67
69
72
75
84
93
104
103
102
102
99
96
86
73
62
49
44
29
18
11
6
8
11
20
30
44
59
65
64
65
66
68
66
73
79
86
92
101
107
117
128
134
134
131
120
107
90
77
59
52
51
51
52
55
55
54
51
52
56
61
65
71
81
95
125
146
159
159
159
159
159
159
159
159
152
136
132
136
135
133
127
123
117
108
88
74
65
58
49
41
32
18
5
0
0
0
0
0
0
0
2
14
21
16
14
7
1
0
0
2
0
0
0
0
1
1
0
0
0
5
12
10
7
7
5
4
1
0
0
0
0
0
0
0
0
0
0
0
0
6
8
4
0
0
0
0
2
10
21
32
33
31
37
41
49
58
68
76
78
81
82
86
89
94
98
102
106
114
120
122
126
125
122
127
139
148
154
159
159
158
147
140
131
110
96
80
70
66
66
68
67
66
58
52
48
49
51
52
53
56
55
56
52
43
36
34
39
44
50
51
57
56
56
50
52
57
57
54
52
47
44
43
42
42
42
38
34
31
25
25
24
29
35
33
28
27
27
29
34
31
29
28
27
28
31
34
39
35
33
32
30
30
31
33
37
44
51
58
73
84
87
87
87
91
96
106
109
108
107
105
103
99
100
101
106
112
107
107
108
108
117
122
120
119
118
118
115
111
108
104
106
109
109
103
99
93
88
88
90
90
84
80
66
59
55
54
59
69
82
110
128
138
147
148
145
140
132
123
110
108
107
106
105
104
100
94
87
82
82
78
75
71
69
65
61
58
53
50
47
47
44
42
42
38
37
37
37
36
37
40
47
55
68
70
73
74
81
88
91
96
98
103
105
110
113
117
123
126
128
126
121
107
105
104
102
98
89
74
69
65
60
56
52
49
44
40
36
33
33
36
43
44
40
39
38
37
35
39
41
44
50
54
57
65
75
89
105
122
131
136
137
136
130
122
125
127
129
131
128
123
115
100
88
82
78
75
68
65
60
55
49
44
36
31
25
22
19
22
34
44
53
56
59
61
69
76
92
99
104
108
113
117
121
124
131
135
138
138
132
124
124
124
125
126
125
129
125
116
102
86
70
60
47
38
27
19
13
12
14
20
21
23
18
15
13
18
22
32
48
51
53
58
62
66
69
82
88
92
97
105
110
115
119
127
131
134
137
131
123
114
107
108
104
105
103
101
96
89
84
79
77
74
71
66
63
60
56
52
48
45
45
46
42
38
37
33
33
34
43
59
76
83
88
96
101
105
110
114
120
121
119
115
107
108
108
104
103
105
101
94
84
71
61
50
39
24
16
11
10
13
18
29
29
19
14
12
12
16
22
30
33
24
15
5
0
0
3
7
21
33
57
77
98
109
115
118
119
124
128
129
130
134
135
131
131
131
134
136
138
136
127
121
107
102
99
97
94
90
86
75
72
64
58
53
51
49
54
65
79
92
99
104
109
113
116
121
123
127
123
118
110
112
114
115
115
117
117
118
117
113
106
101
97
93
90
85
69
56
46
39
31
25
25
29
36
39
38
38
42
47
64
67
69
71
74
81
88
92
96
99
104
111
115
120
119
116
120
123
122
121
107
95
67
54
40
31
21
17
14
7
2
0
0
0
2
10
21
26
27
26
26
29
36
46
50
49
54
56
62
68
71
74
77
81
86
90
96
99
103
109
109
107
100
95
86
77
67
58
49
47
44
47
52
58
71
82
92
93
91
89
88
89
91
93
89
85
80
80
82
83
79
74
69
64
65
69
79
81
78
74
75
77
86
94
99
99
101
100
100
103
103
104
105
106
107
108
108
110
111
112
114
115
116
118
120
117
113
110
111
109
111
112
112
111
111
111
111
111
111
111
111
110
108
103
95
91
90
89
88
89
98
110
115
117
121
123
123
121
119
121
119
107
96
88
83
76
73
75
82
91
101
107
109
111
112
115
118
119
121
124
120
116
118
119
119
119
111
109
107
107
106
105
101
98
101
106
116
120
122
127
130
127
125
124
121
121
121
121
117
113
113
111
103
101
97
94
93
91
94
105
110
111
115
118
119
120
122
122
117
120
120
121
120
122
122
122
123
124
125
126
125
122
117
108
105
104
102
100
95
91
89
93
103
113
121
123
126
129
133
134
135
133
130
120
118
112
111
110
108
106
105
103
102
97
98
95
92
90
89
94
99
118
126
125
135
138
139
135
136
139
138
137
129
125
124
121
120
115
114
110
105
102
100
97
96
94
91
88
85
83
83
87
99
104
106
107
109
110
113
116
120
123
127
119
112
111
108
102
96
93
89
81
76
75
77
81
85
91
88
84
81
79
83
88
89
95
95
93
90
90
87
88
84
81
78
77
77
77
80
88
95
103
99
97
93
90
86
84
83
84
86
89
98
104
111
110
109
106
103
102
101
101
100
92
89
84
75
71
66
64
64
69
75
82
98
110
120
117
112
109
106
102
104
105
107
103
102
102
100
97
96
98
103
108
111
114
118
118
128
136
139
140
148
156
158
157
152
145
137
127
115
116
119
123
124
125
127
131
133
134
136
132
125
125
136
138
141
141
140
132
117
112
113
119
125
127
127
135
135
134
131
125
117
118
118
118
116
109
106
103
98
96
94
95
99
108
107
104
99
98
96
91
85
89
88
91
102
109
107
103
99
97
99
105
115
118
117
106
100
93
88
85
89
100
124
133
138
148
154
153
152
144
136
126
121
124
130
129
127
128
134
140
144
148
146
140
134
141
149
153
151
151
141
135
121
113
115
116
122
125
125
129
137
137
143
147
156
151
148
141
134
124
114
107
103
100
98
95
96
105
105
100
94
92
86
79
72
73
72
76
87
97
103
96
92
87
86
87
91
100
110
106
98
95
90
86
87
91
95
92
84
81
82
84
90
100
101
94
80
76
72
72
81
95
112
128
135
138
139
143
141
140
134
124
125
125
125
118
116
110
107
107
105
102
100
99
96
93
93
91
87
91
99
107
109
111
114
116
121
122
122
123
118
117
118
118
118
117
116
118
115
116
111
104
101
99
98
94
93
94
100
98
97
97
107
105
106
109
109
109
112
111
111
110
104
103
103
104
102
100
98
94
91
92
99
113
121
123
131
137
143
139
132
115
109
104
101
92
92
90
87
84
84
88
105
123
133
136
148
143
139
127
119
118
114
116
113
111
109
107
106
103
99
102
108
112
129
136
147
148
148
138
131
132
132
132
130
131
128
125
123
121
118
118
117
116
114
112
109
107
106
106
105
103
102
101
99
98
98
97
94
93
93
93
90
90
90
100
107
110
111
113
112
114
121
119
122
114
109
98
98
93
91
87
84
82
79
81
87
96
102
104
106
109
109
112
113
116
118
118
115
112
112
111
112
111
108
105
99
94
92
90
82
78
73
66
62
55
51
51
53
59
67
81
95
116
129
131
128
124
120
105
103
97
92
85
81
74
73
73
76
79
90
104
123
121
117
117
115
110
108
106
106
103
101
102
108
108
106
105
110
115
119
119
120
120
121
122
123
123
121
118
114
113
113
106
100
98
94
90
90
97
112
119
121
129
135
132
135
137
139
136
125
121
118
115
113
112
110
108
106
104
103
101
101
99
95
100
100
99
99
101
107
116
117
120
121
121
120
124
125
127
126
122
120
121
123
125
125
121
120
120
121
121
120
111
105
101
98
95
91
88
92
97
113
116
121
123
121
118
118
119
121
120
121
122
124
125
126
123
115
107
103
101
99
97
92
92
89
91
98
107
109
112
112
111
106
100
93
85
79
77
78
82
79
69
64
61
60
63
70
79
96
110
109
105
106
102
99
96
88
86
86
88
90
100
104
99
95
96
99
106
125
128
131
136
138
139
135
130
124
125
124
123
121
121
115
114
111
108
106
107
104
103
100
99
96
96
98
105
118
117
126
129
131
131
131
134
135
128
120
115
113
110
108
106
103
102
100
98
96
94
93
92
96
96
92
88
86
82
77
75
72
70
67
62
61
59
56
52
48
45
43
44
49
48
49
48
47
49
47
48
50
48
51
51
51
50
42
35
32
32
31
27
32
35
49
61
67
68
71
74
74
71
71
72
71
71
69
59
49
44
41
37
37
41
51
60
77
82
88
88
81
75
74
75
73
74
73
70
65
60
57
51
47
41
39
34
31
31
39
42
45
46
48
50
57
62
70
72
71
65
48
31
17
5
2
3
7
20
28
32
31
32
33
38
44
50
52
54
57
60
62
65
64
62
62
64
65
62
55
43
22
22
21
8
8
14
25
38
51
50
56
59
59
56
53
51
60
63
67
64
61
50
48
31
19
17
16
20
26
24
20
17
17
19
23
30
38
35
31
30
26
22
19
12
4
3
1
2
6
12
11
1
0
0
0
2
12
18
15
14
18
22
33
44
59
73
75
70
61
52
43
37
29
27
28
34
37
46
44
42
34
28
18
14
13
15
21
28
38
39
36
33
36
40
50
56
59
69
78
89
98
100
99
90
80
69
42
35
28
30
36
47
57
62
63
65
67
72
77
80
80
81
75
77
82
86
93
93
91
88
82
87
95
95
91
84
74
55
50
49
47
45
42
40
38
35
32
24
23
23
21
27
35
36
27
24
22
22
24
32
41
49
49
46
42
36
32
31
30
34
41
43
38
35
35
33
25
22
23
26
37
48
55
54
52
48
46
43
41
42
41
47
55
58
66
65
64
61
58
62
64
64
69
65
69
70
70
74
77
80
78
75
73
61
52
49
52
55
62
64
65
65
64
55
52
59
64
68
67
65
67
72
77
78
74
68
61
61
60
59
54
50
46
44
42
38
34
30
25
19
14
17
21
29
28
23
19
9
1
0
0
0
0
0
15
28
45
56
56
54
52
50
46
44
40
35
31
29
29
24
18
10
6
4
8
11
21
34
57
70
77
77
73
67
57
47
43
36
28
22
19
19
21
27
32
29
25
24
21
15
15
17
27
38
42
42
44
43
45
44
52
56
68
73
78
76
72
58
56
54
53
51
49
45
44
43
39
38
36
34
31
32
37
43
48
50
54
52
54
55
58
59
61
62
65
64
57
48
41
37
34
33
30
26
32
40
41
45
50
54
59
60
68
69
71
69
66
63
63
62
58
54
49
49
46
43
41
36
38
47
54
56
57
62
64
67
69
69
64
60
58
57
57
54
44
38
35
30
31
25
19
19
20
29
30
32
31
31
32
35
46
56
62
65
72
75
77
74
69
65
66
68
70
72
73
69
68
68
66
62
58
55
48
46
42
38
35
33
34
33
32
30
33
41
53
63
72
78
81
80
72
67
64
55
48
43
32
29
22
21
27
38
45
47
49
52
54
55
57
63
66
67
66
56
48
41
41
39
37
34
34
30
28
30
37
44
52
51
50
47
35
28
20
14
7
4
5
8
14
18
36
49
58
57
55
46
42
32
20
6
0
0
0
0
0
0
0
9
33
51
59
60
61
63
64
65
66
68
69
70
67
64
65
66
65
67
66
63
55
53
51
48
45
43
41
40
39
36
33
34
40
47
48
47
49
50
55
53
58
58
59
63
62
55
50
48
44
41
38
37
33
34
41
63
76
87
100
103
103
97
80
73
63
58
54
51
48
45
40
36
32
33
34
33
32
34
45
54
66
69
74
78
80
74
63
57
53
49
48
45
42
38
34
34
40
40
41
39
43
46
56
68
82
87
91
89
86
74
63
59
55
50
38
33
24
7
0
0
0
0
0
3
10
23
37
42
39
33
29
24
18
13
8
2
0
0
1
2
0
0
0
1
1
3
19
26
22
22
23
27
34
54
72
78
82
84
87
84
83
86
86
84
77
74
72
72
69
68
70
71
71
72
71
72
71
72
71
71
72
72
72
72
72
72
72
73
74
77
79
80
82
84
84
85
85
84
84
84
85
84
81
78
78
74
72
72
70
71
73
77
79
81
83
85
88
90
93
95
95
98
98
98
100
101
101
91
85
81
77
74
71
73
82
85
90
93
94
95
92
85
83
84
82
82
79
77
76
76
75
76
77
76
76
76
75
75
75
74
75
74
73
73
73
73
73
73
73
73
72
73
71
72
71
72
72
72
72
72
72
72
71
75
81
83
82
78
72
65
62
61
61
64
70
72
71
69
69
64
59
56
57
61
65
62
58
56
57
59
63
57
51
43
34
25
24
26
30
42
52
63
73
70
67
62
59
56
55
55
58
61
60
54
53
51
47
45
38
34
27
25
28
31
39
47
57
73
76
74
70
67
66
64
64
67
71
72
70
69
70
71
69
68
69
70
70
72
76
80
86
85
85
83
91
96
102
104
104
102
96
86
74
63
55
55
59
61
66
79
82
86
89
93
97
102
110
115
120
121
120
117
119
130
134
138
138
134
127
114
95
85
83
83
84
83
83
82
82
81
80
79
77
74
73
70
67
68
69
77
84
80
75
72
66
58
49
45
45
48
58
70
83
83
81
78
71
67
65
60
64
67
74
80
79
70
67
65
69
73
82
81
79
75
74
71
72
73
76
80
91
98
111
124
130
138
137
133
123
111
100
84
69
65
69
71
72
77
83
88
90
91
96
99
98
95
90
88
93
98
102
103
103
102
95
97
99
101
98
94
88
89
91
92
93
92
92
84
82
81
79
76
74
69
62
59
53
53
51
39
31
27
27
30
35
48
60
71
76
73
69
65
60
57
53
47
48
48
50
55
55
50
48
43
37
29
23
14
1
0
0
0
0
7
26
39
57
68
66
65
63
59
57
54
52
52
54
59
60
58
54
53
55
61
68
82
89
90
91
92
89
85
84
84
86
85
85
85
85
85
85
85
86
85
85
85
85
85
85
85
85
85
85
85
85
85
85
85
85
85
85
85
85
85
79
75
73
71
70
72
81
85
93
94
99
99
100
93
87
73
69
65
60
58
61
67
72
73
73
74
74
73
74
74
75
75
75
75
75
75
75
75
75
76
76
76
77
77
77
77
77
78
79
79
79
79
79
79
85
85
87
87
88
83
81
81
81
81
82
78
72
69
68
66
64
65
75
80
84
87
91
93
93
94
97
98
97
88
68
58
38
31
25
26
33
40
64
72
75
76
77
79
82
86
87
90
90
87
81
76
73
74
74
74
74
73
74
79
80
80
82
82
82
82
83
80
76
68
65
63
60
60
66
71
70
72
71
71
72
73
78
81
83
84
84
84
84
85
87
84
79
69
61
57
55
52
55
64
70
72
74
75
77
79
80
82
83
84
85
86
89
83
78
78
78
78
77
77
74
70
64
63
63
62
72
76
82
86
88
90
92
85
76
68
55
46
38
34
33
33
36
44
54
54
49
46
41
41
44
49
55
58
54
52
52
56
58
66
65
62
57
55
50
47
44
42
38
33
26
21
18
19
21
23
32
37
45
52
56
52
51
52
54
58
62
61
59
56
57
54
50
48
47
49
57
64
65
64
68
69
70
75
85
88
91
93
96
95
87
82
79
79
78
77
77
76
76
75
67
66
65
63
64
69
73
75
77
78
78
80
83
89
91
92
91
83
72
58
42
38
34
34
36
42
57
73
73
76
77
79
81
83
84
86
89
90
92
95
97
93
88
81
77
77
76
69
66
64
61
60
60
66
71
70
71
71
72
77
78
79
80
81
83
85
85
86
88
89
89
82
80
80
80
79
79
78
73
69
67
65
68
73
82
95
98
102
102
100
95
86
79
78
77
76
75
80
83
83
82
82
82
80
73
67
66
63
60
60
67
67
62
56
54
51
53
57
63
67
62
57
52
53
53
56
55
43
43
40
42
47
53
51
46
41
38
42
46
53
72
74
69
69
68
64
63
64
64
63
65
69
71
75
75
74
74
74
74
74
74
74
74
74
74
74
74
75
75
75
75
74
74
74
74
74
74
74
74
74
74
74
74
74
74
74
74
74
74
74
74
74
74
74
74
74
74
74
74
74
74